35 53	101 84	FALLING_ACTION
89	40 102 93	FALLING_ACTION
35 53	101 84	FALLING_ACTION
35 53	40 102 93	FALLING_ACTION
35 53	40 102 93	FALLING_ACTION
35 53	40 102 93	FALLING_ACTION
147	159	FALLING_ACTION
35 53	40 102 93	FALLING_ACTION
35 53	40 102 93	FALLING_ACTION
40 102 93	35 53	PRECONDITION
